10
16
1.458 7.734 
3.694 7.787 
2.498 -2.306 
2.238 -2.216 
1.445 -2.217 
1.428 -3.620 
-3.690 -3.618 
-3.686 0.979 
-3.240 1.966 
-2.620 3.631 
-1.891 3.379 
-1.141 3.382 
-1.139 4.454 
-0.914 4.440 
-0.916 11.116 
1.457 11.109 
4
-0.510632 -1.774320 
-0.510632 -2.242780 
0.299269 -2.242780 
0.299269 -1.774320 
4
0.72021 4.859620 
0.72021 5.329620 
1.52880 5.329620 
1.52880 4.859620 
4
-0.773950 2.578530 
-0.773950 1.769030 
-1.243950 1.769030 
-1.247780 2.578530 
4
0.437658 5.329590 
0.437658 4.859590 
-0.032342 4.859590 
-0.032342 5.329590 
4
-0.036179 1.772600 
-0.036179 1.302600 
-0.506179 1.302600 
-0.506179 1.772600 
4
0.439399 0.467089 
0.439399 -0.002911 
-0.030601 -0.002911 
-0.030601 0.467089 
4
1.188248 -1.772780 
1.188248 -2.242780 
0.718248 -2.242780 
0.718248 -1.772780 
4
0.294929 1.058185 
0.294929 0.728185 
-0.035071 0.728185 
-0.035071 1.058185 
4
-0.574018 8.877310 
-0.574018 8.547310 
-0.904018 8.547310 
-0.904018 8.877310 
