wall -15.000 -15.000 -15.000 15.000
wall -15.000 15.000 15.000 15.000
wall 15.000 15.000 15.000 -15.000
wall 15.000 -15.000 -15.000 -15.000
wall -0.400 0.900 -0.550 0.900
wall -0.550 0.900 -0.550 1.100
wall -0.550 1.100 -0.400 1.100
wall -0.400 1.100 -0.400 0.900
wall 0.100 0.900 0.100 1.100
wall 0.100 1.100 0.250 1.100
wall 0.250 1.100 0.250 0.900
wall 0.250 0.900 0.100 0.900
wall -0.250 2.700 -0.250 2.800
wall -0.250 2.800 0.100 2.800
wall 0.100 2.800 0.100 2.700
wall 0.100 2.700 -0.250 2.700
wall 0.000 4.500 0.000 4.150
wall 0.000 4.150 -0.500 4.150
wall -0.500 4.150 -0.500 4.500
wall -0.500 4.500 0.000 4.500
wall -1.800 5.400 -1.800 5.600
wall -1.800 5.600 -0.900 5.600
wall -0.900 5.600 -0.900 5.400
wall -0.900 5.400 -1.800 5.400
wall -0.900 6.300 -0.900 6.500
wall -0.900 6.500 0.000 6.500
wall 0.000 6.500 0.000 6.300
wall 0.000 6.300 -0.900 6.300
wall -1.800 7.350 -1.800 7.050
wall -1.800 7.050 -2.150 7.050
wall -2.150 7.050 -2.150 7.350
wall -2.150 7.350 -1.800 7.350
wall -1.800 8.100 -1.800 9.000
wall -1.800 9.000 -2.700 9.000
wall -2.700 9.000 -2.700 8.100
wall -2.700 8.100 -1.800 8.100
